--[[
   Credit:
   Fly: Infinity Yield
   Lowest Server: Amnesia (  Patched)
   RTX graphics: Switchblades
   Fps Boost: e621
   All Functions below are written by me
   Have fun skidding
]]



--Disable Errors
--[[if getconnections then
   for _,v in next, getconnections(game:GetService("LogService").MessageOut) do
       v:Disable()
   end
   for _,v in next, getconnections(game:GetService("ScriptContext").Error) do
       v:Disable()
   end
   
end]]
--Config

--Default Color(Look very good tbh)
getgenv().TextColorChange = Color3.fromRGB(255, 255, 255)
getgenv().GlowColorChange = Color3.fromRGB(255, 255, 255)
--Teleport Section
getgenv().CtrlTp = false
getgenv().CtrlTween = false
--Fruit Section
getgenv().GetFruits = false
-- Only Bring Fruit In Small Distance 
getgenv().BringFruit = true
--Will Stop AutoFarming If You Turn On These Two Below
getgenv().TeleportFruit = false
getgenv().NaturalFruit = false
getgenv().AutoBuyRandomFruit = false
--Loading Game
repeat wait()
until game:IsLoaded()
repeat wait()
until game.Players.LocalPlayer
repeat wait()
until game.Players.LocalPlayer.Character
--Check PlaceId
if game.PlaceId == 2753915549 then
   FirstSea = true
elseif game.PlaceId == 4442272183 then
   SecondSea = true
elseif game.PlaceId == 7449423635 then
   ThirdSea = true
end
--Define Vars
VirtualUser = game:GetService("VirtualUser")
VIM =game:GetService("VirtualInputManager")
ReplStorage = game:GetService("ReplicatedStorage");

Players = game:GetService("Players")
spawn(function()
   while wait() do
      LP = game:GetService("Players").LocalPlayer
      Char = LP.Character
      HumanoidRootPart = Char:FindFirstChild("HumanoidRootPart")
      Humanoid = Char:FindFirstChild("Humanoid")
      PlrLevel = LP.Data.Level.Value
      MyFragment = LP.Data.Fragments.Value
      placeId = game.PlaceId
      MyBeli = LP.Data.Beli.Value
      MyDevilFruit = LP.Data.DevilFruit.Value
   end
end)
LP = game:GetService("Players").LocalPlayer
Char = LP.Character
HumanoidRootPart = Char:FindFirstChild("HumanoidRootPart")
Humanoid = Char:FindFirstChild("Humanoid")
filename = "IslandSetting.lua";
http = game:GetService('HttpService') 
req =  http_request or request or HttpPost or syn.request -- get request
Mouse = LP:GetMouse()
CanTween = true
MaxLevelSea = 0
Weapon = ""
PLrWeapons = {}
FruitTable = {} 
SpecialMob = "JustAranDOmString"
PlayerTable = {}
HighestLvToFarm =  0
ServerPlayers = 6
TableBoss = {}
BossesTable ={}
ListMelee = {
   "Combat",
   "Black Leg";
   "Electro";
   "Fishman Karate";
   "Dragon Claw";
   "Superhuman";
   "DeathStep";
   "SharkmanKarate";
   "Electric Claw";
   "Dragon Tailon";
}

--Require
ClickMod = require(LP.PlayerScripts.CombatFramework)
CamMod = require(game.ReplicatedStorage.Util.CameraShaker)

--Anti AFK V1
LP.Idled:connect(function()
   VirtualUser:Button2Down(Vector2.new(0,0),workspace.CurrentCamera.CFrame)
   wait(1)
   VirtualUser:Button2Up(Vector2.new(0,0),workspace.CurrentCamera.CFrame)
end)
--Anti AFK V2
if not getgenv().AFKDISABLED then
   for i,v in pairs(getconnections(LP.Idled)) do
      v:Disable()
      getgenv().AFKDISABLED = true
   end
end
--Define getgenv
getgenv().FlySpeed = 2
getgenv().FLYING = false
getgenv().AutoSuperHuman = false
Fly = false
--Define getgenv Setting
getgenv().SilentAimMob = false
getgenv().SilentAimPlr = false
getgenv().AutoSaber = false
getgenv().AFDistance = 500
getgenv().AF2Distance = 500 
getgenv().HealthMastery = 25
--Default Setting
getgenv().AutoFarmQuest = true
getgenv().AutoFarmBring = true
getgenv().AutoSetSpawn = false
getgenv().AutoFarmSafeMode = false
getgenv().AutoFarmHealthSafeMode = 30
getgenv().FastAttack = true

getgenv().SkillZ = true
getgenv().SkillZHold = 0
getgenv().SkillX = true
getgenv().SkillXHold = 0
getgenv().SkillC = true
getgenv().SkillCHold = 0
getgenv().SkillV = true
getgenv().SkillVHold = 0
getgenv().SkillF = true
getgenv().SkillFHold = 0

getgenv().SkillZGun = true
getgenv().SkillXGun = true


getgenv().RecommendedSpeed = true
getgenv().TweenSpeedAutoFarm = 200
getgenv().TweenSpeedQuest = 350
getgenv().TweenSpeedTeleportPlace = 350
getgenv().TweenSpeedAutoChest = 350
getgenv().NearNextIsland = false
getgenv().AutoBuso = true
getgenv().AutoObservation = false
--Default Setting
getgenv().Setting = {
   getgenv().AutoFarmQuest;
   getgenv().AutoFarmBring;
   getgenv().AutoSetSpawn;
   getgenv().AutoFarmSafeMode ;
   getgenv().AutoFarmHealthSafeMode ;
   getgenv().FastAttack;
   getgenv().SkillZ ;
   getgenv().SkillZHold ;
   getgenv().SkillX ;
   getgenv().SkillXHold;
   getgenv().SkillC ;
   getgenv().SkillCHold ;
   getgenv().SkillV ;
   getgenv().SkillVHold ;
   getgenv().SkillF ;
   getgenv().SkillFHold ;
   getgenv().SkillZGun ;
   getgenv().SkillXGun ;
   getgenv().RecommendedSpeed;
   getgenv().TweenSpeedAutoFarm ;
   getgenv().TweenSpeedQuest;
   getgenv().TweenSpeedTeleportPlace;
   getgenv().TweenSpeedAutoChest;
   getgenv().AutoBuso;
   getgenv().AutoObservation;
}
--Define Functions
function SeatsFunction()
   
   for i,v in pairs(game:GetService("Workspace").Boats:GetDescendants()) do
      if v:IsA("Seat") then
         v.Disabled = not v.Disabled
      end
   end

   if ThirdSea then
      game:GetService("Workspace").Game.P1.Disabled = not game:GetService("Workspace").Game.P1.Disabled
      game:GetService("Workspace").Game.P2.Disabled = not game:GetService("Workspace").Game.P2.Disabled
      game:GetService("Workspace").Map.Turtle.TradeTable.P1.Disabled = not game:GetService("Workspace").Map.Turtle.TradeTable.P1.Disabled
      game:GetService("Workspace").Map.Turtle.TradeTable.P2.Disabled = not game:GetService("Workspace").Map.Turtle.TradeTable.P2.Disabled

      for i,v in pairs(game:GetService("Workspace").Map.Turtle:GetDescendants()) do
         if v:IsA("Seat") then
            v.Disabled = not v.Disabled
         end
      end
   end
   if SecondSea then
      game:GetService("Workspace").Game.P1.Disabled = not game:GetService("Workspace").Game.P1.Disabled
      game:GetService("Workspace").Game.P2.Disabled = not game:GetService("Workspace").Game.P2.Disabled
      game:GetService("Workspace").Map.Dressrosa.TradeTable.P1.Disabled = not game:GetService("Workspace").Map.Dressrosa.TradeTable.P1.Disabled
      game:GetService("Workspace").Map.Dressrosa.TradeTable.P2.Disabled = not game:GetService("Workspace").Map.Dressrosa.TradeTable.P2.Disabled
      for i,v in pairs(game:GetService("Workspace").Map.Dressrosa.Tavern:GetDescendants()) do
         if v:IsA("Seat") then
            v.Disabled = not v.Disabled
         end
      end

   end
end

function NOFLY()
	getgenv().FLYING = false
	if flyKeyDown or flyKeyUp then flyKeyDown:Disconnect() flyKeyUp:Disconnect() end
	if game.Players.LocalPlayer.Character:FindFirstChildOfClass('Humanoid') then
		game.Players.LocalPlayer.Character:FindFirstChildOfClass('Humanoid').PlatformStand = false
	end
	pcall(function() workspace.CurrentCamera.CameraType = Enum.CameraType.Custom end)
end

function Alive()
   if LP and Char then
      if Humanoid and HumanoidRootPart then
         if Humanoid.Health > 0 then
            return true
         end 
      end
   end
   return true
end
function EnterCode(Code)
   game:GetService("ReplicatedStorage").Remotes.Redeem:InvokeServer(Code)
end

function Click()
   pcall(function()
      if Alive() then
         --
         if not getgenv().Clicked then
            getgenv().Clicked = true
            VirtualUser:CaptureController()
            VirtualUser:ClickButton1(Vector2.new(851, 158), game:GetService("Workspace").Camera.CFrame)
            --ClickMod.activeController:attack()
            wait()
            getgenv().Clicked = false
         end
      end
   end)
end
function Equip(Tool)
   pcall(function()
      spawn(function()
         local ToolEquip = game.Players.LocalPlayer.Backpack:FindFirstChild(Tool) or game.Players.LocalPlayer.Character:FindFirstChild(Tool)
         if Humanoid then
            Humanoid:EquipTool(ToolEquip)
         end
      end)
   end)
end

--For Auto Chest
function FindNearest(chests)
   local lowestdist = math.huge -- infinity
   local chest = nil
   for i,v in pairs(chests) do
       if v then
           local distance = (v.Position - HumanoidRootPart.Position).magnitude
           if distance < lowestdist then
            lowestdist = distance
               chest = v
           end
       end
   end
   return chest
end
--NoClip
function NoclipLoop()
   if NoClip == true and speaker.Character ~= nil and not DisabledNoClip then
      for _, child in pairs(Char:GetDescendants()) do
         if child:IsA("BasePart") and child.CanCollide == true and child.Name ~= floatName then
            child.CanCollide = false
         end
      end
   end
end
--Do Tween
function DoTween(dist, Speed)
   local range = (HumanoidRootPart.Position - dist.Position).magnitude
   if getgenv().RecommendedSpeed then
      if range <= 300 then
         NewSpeed = 1000
      elseif range <= 500 and range > 300 then
         NewSpeed = 350
      else
         NewSpeed = 275
      end
   end
   if getgenv().RecommendedSpeed then
      RealSpeed = NewSpeed
   else
      RealSpeed = Speed
   end
   local info = TweenInfo.new((HumanoidRootPart.Position - dist.Position).magnitude / RealSpeed,Enum.EasingStyle.Linear)

   local tween =  game:service"TweenService":Create(HumanoidRootPart, info, {CFrame = dist})
   if CanTween and Alive() then
      tween:Play()
      Tweening = true
      TweenFloat()
      SeatsFunction()
      game.Players.LocalPlayer.Character:WaitForChild("Humanoid").Died:Connect(function()
         if tween then
            tween:Cancel()
         end
      end)

      tween.Completed:wait()
      Tweening = false
      RemoveFloat()
      SeatsFunction()
   else
      tween:Cancel()
   end
  
end

function FastAttack()
   pcall(function()
      if getgenv().FastAttack then
         if Alive() then
            ClickMod.activeController.attacking = false 
            ClickMod.activeController.active = false
            ClickMod.activeController.timeToNextAttack = 0
            ClickMod.activeController.increment = 4
         end
     end
   end)
end
getgenv().HitBox  = true
function HitBoxPlr()
   pcall(function()
      if getgenv().HitBox then
         if ClickMod.activeController.hitboxMagnitude ~= 60 then
            ClickMod.activeController.hitboxMagnitude = 60 
         end
      end
   end)
end
--Simulation
function Simulation()
   if setsimulationradius then
      sethiddenproperty(LP, "SimulationRadius", 10000)
   end
   if setsimulationradius then
      sethiddenproperty(LP, "MaxSimulationRadius", math.huge)
   end
   if setsimulationradius then
      sethiddenproperty(LP, "SimulationRadius", math.huge)
   end
end
--KillAura
function KillAuraF()
   for i,v in pairs(game.Workspace.Enemies:GetChildren()) do
      if v.Parent and v:FindFirstChild("LowerTorso") and v:FindFirstChild("Head") and v:FindFirstChild("UpperTorso") and v:FindFirstChild("HumanoidRootPart") and v:FindFirstChild("Humanoid") and v:FindFirstChild("Humanoid").Health > 0 then
         Simulation()
         pcall(function()
            if (v.HumanoidRootPart.Position - HumanoidRootPart.Position).magnitude < 1000 then
              v:FindFirstChild("LowerTorso"):Destroy()
              v:FindFirstChild("UpperTorso"):Destroy()
              v:FindFirstChild("Head"):Destroy()
              v:breakJoints()
              v.Humanoid.Health = 0
              v.Humanoid.Health =  v.Humanoid.MaxHealth
              v.Humanoid.Health = 0
            end
         end)
      end
   end   
end

function getRoot(char)
	local rootPart = char:FindFirstChild('HumanoidRootPart') or char:FindFirstChild('Torso') or char:FindFirstChild('UpperTorso')
	return rootPart
end
function sFLY(vfly)
   QEfly = true
  repeat wait() until game.Players.LocalPlayer and game.Players.LocalPlayer.Character and getRoot(game.Players.LocalPlayer.Character) and game.Players.LocalPlayer.Character:FindFirstChildOfClass("Humanoid")
  repeat wait() until Mouse
  if flyKeyDown or flyKeyUp then flyKeyDown:Disconnect() flyKeyUp:Disconnect() end

  local T = getRoot(game.Players.LocalPlayer.Character)
  local CONTROL = {F = 0, B = 0, L = 0, R = 0, Q = 0, E = 0}
  local lCONTROL = {F = 0, B = 0, L = 0, R = 0, Q = 0, E = 0}
  local SPEED = 50

  local function FLY()
     getgenv().FLYING = true
     local BG = Instance.new('BodyGyro')
     local BV = Instance.new('BodyVelocity')
     BG.P = 9e4
     BG.Parent = T
     BV.Parent = T
     BG.maxTorque = Vector3.new(9e9, 9e9, 9e9)
     BG.cframe = T.CFrame
     BV.velocity = Vector3.new(0, 0, 0)
     BV.maxForce = Vector3.new(9e9, 9e9, 9e9)
     task.spawn(function()
        repeat wait()
           if not vfly and game.Players.LocalPlayer.Character:FindFirstChildOfClass('Humanoid') then
              game.Players.LocalPlayer.Character:FindFirstChildOfClass('Humanoid').PlatformStand = true
           end
           if CONTROL.L + CONTROL.R ~= 0 or CONTROL.F + CONTROL.B ~= 0 or CONTROL.Q + CONTROL.E ~= 0 then
              SPEED = 50
           elseif not (CONTROL.L + CONTROL.R ~= 0 or CONTROL.F + CONTROL.B ~= 0 or CONTROL.Q + CONTROL.E ~= 0) and SPEED ~= 0 then
              SPEED = 0
           end
           if (CONTROL.L + CONTROL.R) ~= 0 or (CONTROL.F + CONTROL.B) ~= 0 or (CONTROL.Q + CONTROL.E) ~= 0 then
              BV.velocity = ((workspace.CurrentCamera.CoordinateFrame.lookVector * (CONTROL.F + CONTROL.B)) + ((workspace.CurrentCamera.CoordinateFrame * CFrame.new(CONTROL.L + CONTROL.R, (CONTROL.F + CONTROL.B + CONTROL.Q + CONTROL.E) * 0.2, 0).p) - workspace.CurrentCamera.CoordinateFrame.p)) * SPEED
              lCONTROL = {F = CONTROL.F, B = CONTROL.B, L = CONTROL.L, R = CONTROL.R}
           elseif (CONTROL.L + CONTROL.R) == 0 and (CONTROL.F + CONTROL.B) == 0 and (CONTROL.Q + CONTROL.E) == 0 and SPEED ~= 0 then
              BV.velocity = ((workspace.CurrentCamera.CoordinateFrame.lookVector * (lCONTROL.F + lCONTROL.B)) + ((workspace.CurrentCamera.CoordinateFrame * CFrame.new(lCONTROL.L + lCONTROL.R, (lCONTROL.F + lCONTROL.B + CONTROL.Q + CONTROL.E) * 0.2, 0).p) - workspace.CurrentCamera.CoordinateFrame.p)) * SPEED
           else
              BV.velocity = Vector3.new(0, 0, 0)
           end
           BG.cframe = workspace.CurrentCamera.CoordinateFrame
        until not getgenv().FLYING
        CONTROL = {F = 0, B = 0, L = 0, R = 0, Q = 0, E = 0}
        lCONTROL = {F = 0, B = 0, L = 0, R = 0, Q = 0, E = 0}
        SPEED = 0
        BG:Destroy()
        BV:Destroy()
        if game.Players.LocalPlayer.Character:FindFirstChildOfClass('Humanoid') then
           game.Players.LocalPlayer.Character:FindFirstChildOfClass('Humanoid').PlatformStand = false
        end
     end)
  end
  flyKeyDown = Mouse.KeyDown:Connect(function(KEY)
     if KEY:lower() == 'w' then
        CONTROL.F = (vfly and vehicleflyspeed or getgenv().FlySpeed)
     elseif KEY:lower() == 's' then
        CONTROL.B = - (vfly and vehicleflyspeed or getgenv().FlySpeed)
     elseif KEY:lower() == 'a' then
        CONTROL.L = - (vfly and vehicleflyspeed or getgenv().FlySpeed)
     elseif KEY:lower() == 'd' then 
        CONTROL.R = (vfly and vehicleflyspeed or getgenv().FlySpeed)
     elseif QEfly and KEY:lower() == 'e' then
        CONTROL.Q = (vfly and vehicleflyspeed or getgenv().FlySpeed)*2
     elseif QEfly and KEY:lower() == 'q' then
        CONTROL.E = -(vfly and vehicleflyspeed or getgenv().FlySpeed)*2
     end
     pcall(function() workspace.CurrentCamera.CameraType = Enum.CameraType.Track end)
  end)
  flyKeyUp = Mouse.KeyUp:Connect(function(KEY)
     if KEY:lower() == 'w' then
        CONTROL.F = 0
     elseif KEY:lower() == 's' then
        CONTROL.B = 0
     elseif KEY:lower() == 'a' then
        CONTROL.L = 0
     elseif KEY:lower() == 'd' then
        CONTROL.R = 0
     elseif KEY:lower() == 'e' then
        CONTROL.Q = 0
     elseif KEY:lower() == 'q' then
        CONTROL.E = 0
     end
  end)
  FLY()
end
local function refreshPlayers()
  table.clear(PlayerTable)
  for i,v in pairs(game.Players:GetChildren()) do
      if not table.find(PlayerTable, v.Name) then
          table.insert(PlayerTable, v.Name)
     
      end
  end
end
local function refreshBosses()
   table.clear(BossesTable)
   for i,v in pairs(game.Workspace.Enemies:GetChildren()) do
      if string.find(v.Name, "Boss") then
         table.insert(BossesTable, v.Name)
      end
   end
 end

function TPSpecificPlace()
   if SecondSea then
      if HighestLvToFarm == 1250 or HighestLvToFarm == 1275 or HighestLvToFarm == 1300 or HighestLvToFarm == 1325 then
         if (HumanoidRootPart.Position - Vector3.new(923.21252441406, 125.05710601807, 32852.83203125)).magnitude > 3000 then
            local args = {
               [1] = "requestEntrance",
               [2] = Vector3.new(923.21252441406, 126.9760055542, 32852.83203125)
            }

            game:GetService("ReplicatedStorage").Remotes.CommF_:InvokeServer(unpack(args))
         end
      end
   elseif FirstSea then
      if HighestLvToFarm == 375 or HighestLvToFarm == 400 then
         if (HumanoidRootPart.Position - Vector3.new(61163.8515625, 11.6796875, 1819.7841796875)).magnitude > 3000 then

            local args = {
               [1] = "requestEntrance",
               [2] = Vector3.new(61163.8515625, 11.6796875, 1819.7841796875)
            }

            game:GetService("ReplicatedStorage").Remotes.CommF_:InvokeServer(unpack(args))
         end
      end
   end
end
function BringMob()
   if getgenv().AutoFarmBring and DoMagnet then
      for i,v in pairs(game:GetService("Workspace").Enemies:GetChildren()) do
         if v.Parent and v:FindFirstChild("HumanoidRootPart") ~= nil and v:FindFirstChild("Humanoid") and v:FindFirstChild("Humanoid").Health > 0  and not Tweening  then
            if v.Parent and Alive() and v:FindFirstChild("Humanoid") and v:FindFirstChild("Humanoid").Health > 0 and not Tweening and (v.HumanoidRootPart.Position-HumanoidRootPart.Position).magnitude <=  350 and not Tweening then 
               if v.Name == NameMob or (string.find(v.Name,CurrentMobName) and string.find(v.Name,HighestLvToFarm) ) or string.find(v.Name,SpecialMob) and not string.find(v.name,"Boss") then
                  Simulation()
                  HitBoxPlr()
                  v.Humanoid.WalkSpeed = 0
                  v.HumanoidRootPart.Transparency = 1
                  v.HumanoidRootPart.CanCollide = false
                  v.HumanoidRootPart.Size = Vector3.new(10, 2, 10)
                  if BringCFrame~= nil and BringPos ~= nil  and  (v.HumanoidRootPart.Position-game:GetService("Players").LocalPlayer.Character.HumanoidRootPart.Position).magnitude <= 300 then
                     Simulation()
                     v.HumanoidRootPart.CFrame = BringCFrame
                     v.HumanoidRootPart.Position = BringPos
                  end
               end
            end
         end
      end
   end
end
function BringMobBone()
   if getgenv().AutoFarmBring and DoMagnet then
       if ThirdSea then
           for i,v in pairs(game:GetService("Workspace").Enemies:GetChildren()) do
               if v.Parent and v:FindFirstChild("HumanoidRootPart") ~= nil and v:FindFirstChild("Humanoid") and v:FindFirstChild("Humanoid").Health > 0  and not Tweening then
                   if  v.Parent and game.Players.LocalPlayer.Character:FindFirstChild("Humanoid") and game.Players.LocalPlayer.Character:FindFirstChild("Humanoid").Health > 0 and game.Players.LocalPlayer.Character and v:FindFirstChild("Humanoid") and v:FindFirstChild("Humanoid").Health > 0 and not Tweening and (v.HumanoidRootPart.Position-game:GetService("Players").LocalPlayer.Character.HumanoidRootPart.Position).magnitude <=  2500 then -- and string.find(v.Name,HighestLvToFarm) and not BringBone  
                       Simulation()
                       --Spawn(function()
                         --if getgenv().AutoFarmBone then
                             --for i2,v2 in pairs(v:GetChildren()) do
                                --if v2:IsA("BasePart") or v2.ClassName == "MeshPart" or v2.Name == "Head" and getgenv().AutoFarmBone then
                                   --v2.Transparency = 0.9
                               -- elseif v2.ClassName == "Accessory"  and getgenv().AutoFarmBone then
                                   --v2.Handle.Transparency = 0.9
                               -- end
                            -- end
                          --end
                      --end)
                       --v.Humanoid.Sit = true
                       --if v.Parent ~= nil  then
                          --for _, child in pairs(v:GetDescendants()) do
                             --if child:IsA("BasePart") and child.CanCollide == true and child.Name ~= floatName then
                                --child.CanCollide = false
                             --end
                          --end
                       --end
                       --v.Humanoid.PlatformStand = true
                       v.Humanoid.WalkSpeed = 1
                       v.HumanoidRootPart.Transparency = 1
                       --v.HumanoidRootPart.CanCollide = false
                       --v.HumanoidRootPart.Size = Vector3.new(60, 60, 60)
                       if BringCFrame~= nil and BringPos ~= nil  and  (v.HumanoidRootPart.Position-game:GetService("Players").LocalPlayer.Character.HumanoidRootPart.Position).magnitude <= 300 then
                          Simulation()
                          v.HumanoidRootPart.CFrame = BringCFrame
                          v.HumanoidRootPart.Position = BringPos
                       else 
                         -- BringCFrame = v.HumanoidRootPart.CFrame
                         -- BringPos = v.HumanoidRootPart.Position
                       end
                   end
               end
           end
       end
   end
end
function BringMobEctoplasm()
  if getgenv().AutoFarmBring and DoMagnet then
      if SecondSea then
          for i,v in pairs(game:GetService("Workspace").Enemies:GetChildren()) do
              if v.Parent and v:FindFirstChild("HumanoidRootPart") ~= nil and v:FindFirstChild("Humanoid") and v:FindFirstChild("Humanoid").Health > 0  and not Tweening then
                  if  v.Parent and game.Players.LocalPlayer.Character:FindFirstChild("Humanoid") and game.Players.LocalPlayer.Character:FindFirstChild("Humanoid").Health > 0 and game.Players.LocalPlayer.Character and v:FindFirstChild("Humanoid") and v:FindFirstChild("Humanoid").Health > 0 and not Tweening and (v.HumanoidRootPart.Position-game:GetService("Players").LocalPlayer.Character.HumanoidRootPart.Position).magnitude <=  2500 then -- and string.find(v.Name,HighestLvToFarm) and not BringBone  
                      Simulation()
                      --Spawn(function()
                        --if getgenv().AutoFarmBone then
                            --for i2,v2 in pairs(v:GetChildren()) do
                               --if v2:IsA("BasePart") or v2.ClassName == "MeshPart" or v2.Name == "Head" and getgenv().AutoFarmBone then
                                  --v2.Transparency = 0.9
                              -- elseif v2.ClassName == "Accessory"  and getgenv().AutoFarmBone then
                                  --v2.Handle.Transparency = 0.9
                              -- end
                           -- end
                         --end
                     --end)
                      --v.Humanoid.Sit = true
                      --if v.Parent ~= nil  then
                         --for _, child in pairs(v:GetDescendants()) do
                            --if child:IsA("BasePart") and child.CanCollide == true and child.Name ~= floatName then
                               --child.CanCollide = false
                            --end
                         --end
                      --end
                      --v.Humanoid.PlatformStand = true
                      v.Humanoid.WalkSpeed = 1
                      v.HumanoidRootPart.Transparency = 1
                      --v.HumanoidRootPart.CanCollide = false
                      --v.HumanoidRootPart.Size = Vector3.new(60, 60, 60)
                      if BringCFrame~= nil and BringPos ~= nil  and  (v.HumanoidRootPart.Position-game:GetService("Players").LocalPlayer.Character.HumanoidRootPart.Position).magnitude <= 300 then
                         Simulation()
                         v.HumanoidRootPart.CFrame = BringCFrame
                         v.HumanoidRootPart.Position = BringPos
                      else 
                        -- BringCFrame = v.HumanoidRootPart.CFrame
                        -- BringPos = v.HumanoidRootPart.Position
                      end
                  end
              end
          end
      end
  end
end
function CheckQuestBoss()
   if FirstSea then
      if getgenv().ChosenBoss == "Saber Expert [Lv. 200] [Boss]" then
         BossName = "Saber Expert [Lv. 200] [Boss]"
         QuestNameBoss = nil
      elseif getgenv().ChosenBoss == "The Gorilla King [Lv. 25] [Boss]" then
         BossName = "The Gorilla King [Lv. 25] [Boss]"
         QuestNameBoss = "JungleQuest"
         LvQuestBoss = 3
         QuestCFrameBoss = CFrame.new(-1604.12012, 36.8521118, 154.23732)
      elseif getgenv().ChosenBoss == "Bobby [Lv. 55] [Boss]" then
         BossName = "Bobby [Lv. 55] [Boss]"
         QuestNameBoss = "BuggyQuest1"
         LvQuestBoss = 3
         QuestCFrameBoss = CFrame.new(-1139.59717, 4.75205183, 3825.16211)
      elseif getgenv().ChosenBoss == "Yeti [Lv. 110] [Boss]" then
         BossName = "Yeti [Lv. 110] [Boss]"
         QuestNameBoss = "SnowQuest"
         LvQuestBoss = 3
         QuestCFrameBoss = CFrame.new(1384.90247, 87.3078308, -1296.6825)
      elseif getgenv().ChosenBoss == "Mob Leader [Lv. 120] [Boss]" then
         BossName = "Mob Leader [Lv. 120] [Boss]"
         QuestNameBoss = nil
      elseif getgenv().ChosenBoss == "Vice Admiral [Lv. 130] [Boss]" then
         BossName = "Vice Admiral [Lv. 130] [Boss]"
         QuestNameBoss = "MarineQuest2"
         LvQuestBoss = 2
         QuestCFrameBoss = CFrame.new(-5035.42285, 28.6520386, 4324.50293)
      elseif getgenv().ChosenBoss == "Warden [Lv. 175] [Boss]" then
         BossName = "Warden [Lv. 175] [Boss]"
         QuestNameBoss = "ImpelQuest"
         LvQuestBoss = 1
         QuestCFrameBoss = CFrame.new(4851.35059, 5.68744135, 743.251282)
      elseif getgenv().ChosenBoss == "Chief Warden [Lv. 200] [Boss]" then
         BossName = "Chief Warden [Lv. 200] [Boss]"
         QuestNameBoss = "ImpelQuest"
         LvQuestBoss = 2
         QuestCFrameBoss = CFrame.new(4851.35059, 5.68744135, 743.251282)
      elseif getgenv().ChosenBoss == "Flamingo [Lv. 225] [Boss]" then
         BossName = "Flamingo [Lv. 225] [Boss]"
         QuestNameBoss = "ImpelQuest"
         LvQuestBoss = 3
         QuestCFrameBoss = CFrame.new(4851.35059, 5.68744135, 743.251282)
      elseif getgenv().ChosenBoss == "Magma Admiral [Lv. 350] [Boss]" then
         BossName = "Magma Admiral [Lv. 350] [Boss]"
         QuestNameBoss = "MagmaQuest"
         LvQuestBoss = 3
         QuestCFrameBoss = CFrame.new(-5317.07666, 12.2721891, 8517.41699)
      elseif getgenv().ChosenBoss == "Fishman Lord [Lv. 425] [Boss]" then
         BossName = "Fishman Lord [Lv. 425] [Boss]"
         QuestNameBoss = "FishmanQuest"
         LvQuestBoss = 3
         QuestCFrameBoss = CFrame.new(61123.0859, 18.5066795, 1570.18018)
      elseif getgenv().ChosenBoss == "Wysper [Lv. 500] [Boss]" then
         BossName = "Wysper [Lv. 500] [Boss]"
         QuestNameBoss = "SkyExp1Quest"
         LvQuestBoss = 3
         QuestCFrameBoss = CFrame.new(-7862.94629, 5545.52832, -379.833954)
      elseif getgenv().ChosenBoss == "Thunder God [Lv. 575] [Boss]" then
         BossName = "Thunder God [Lv. 575] [Boss]"
         QuestNameBoss = "SkyExp2Quest"
         LvQuestBoss = 3
         QuestCFrameBoss = CFrame.new(-7902.78613, 5635.99902, -1411.98706)
      elseif getgenv().ChosenBoss == "Cyborg [Lv. 675] [Boss]" then
         BossName = "Cyborg [Lv. 675] [Boss]"
         QuestNameBoss = "FountainQuest"
         LvQuestBoss = 3
         QuestCFrameBoss = CFrame.new(5253.54834, 38.5361786, 4050.45166)
      end
   elseif SecondSea then
      if getgenv().ChosenBoss == "Diamond [Lv. 750] [Boss]" then
         BossName = "Diamond [Lv. 750] [Boss]"
         QuestNameBoss = "Area1Quest"
         LvQuestBoss = 3
         QuestCFrameBoss = CFrame.new(-424.080078, 73.0055847, 1836.91589)
      elseif getgenv().ChosenBoss == "Jeremy [Lv. 850] [Boss]" then
         BossName = "Jeremy [Lv. 850] [Boss]"
         QuestNameBoss = "Area2Quest"
         LvQuestBoss = 3
         QuestCFrameBoss = CFrame.new(632.698608, 73.1055908, 918.666321)
      elseif getgenv().ChosenBoss == "Fajita [Lv. 925] [Boss]" then
         BossName = "Fajita [Lv. 925] [Boss]"
         QuestNameBoss = "MarineQuest3"
         LvQuestBoss = 3
         QuestCFrameBoss = CFrame.new(-2442.65015, 73.0511475, -3219.11523)
      elseif getgenv().ChosenBoss == "Don Swan [Lv. 1000] [Boss]" then
         BossName = "Don Swan [Lv. 1000] [Boss]"
         QuestNameBoss = nil
      elseif getgenv().ChosenBoss == "Smoke Admiral [Lv. 1150] [Boss]" then
         BossName = "Smoke Admiral [Lv. 1150] [Boss]"
         QuestNameBoss = "IceSideQuest"
         LvQuestBoss = 3
         QuestCFrameBoss = CFrame.new(-6059.96191, 15.9868021, -4904.7373)
      elseif getgenv().ChosenBoss == "Cursed Captain [Lv. 1325] [Raid Boss]" then
         BossName = "Cursed Captain [Lv. 1325] [Raid Boss]"
      elseif getgenv().ChosenBoss == "Awakened Ice Admiral [Lv. 1400] [Boss]" then
         BossName = "Awakened Ice Admiral [Lv. 1400] [Boss]"
         QuestNameBoss = "FrostQuest"
         LvQuestBoss = 3
         QuestCFrameBoss = CFrame.new(5669.33203, 28.2118053, -6481.55908)
      elseif getgenv().ChosenBoss == "Tide Keeper [Lv. 1475] [Boss]" then
         BossName = "Tide Keeper [Lv. 1475] [Boss]"
         QuestNameBoss = "ForgottenQuest"             
         LvQuestBoss = 3
         QuestCFrameBoss = CFrame.new(-3053.89648, 236.881363, -10148.2324)
      end
      
   elseif ThirdSea then
      if getgenv().ChosenBoss == "Stone [Lv. 1550] [Boss]" then
         BossName = "Stone [Lv. 1550] [Boss]"
         QuestNameBoss = "PiratePortQuest"
         LvQuestBoss = 3
         QuestCFrameBoss = CFrame.new(-288.003815, 43.7675667, 5573.12012)
      elseif getgenv().ChosenBoss == "Island Empress [Lv. 1675] [Boss]" then
         BossName = "Island Empress [Lv. 1675] [Boss]"
         QuestNameBoss = "AmazonQuest2"
         LvQuestBoss = 3
         QuestCFrameBoss = CFrame.new(5444.14355, 601.603821, 751.306763)
      elseif getgenv().ChosenBoss == "Kilo Admiral [Lv. 1750] [Boss]" then
         BossName = "Kilo Admiral [Lv. 1750] [Boss]"
         QuestNameBoss = "MarineTreeIsland"
         LvQuestBoss = 3
         QuestCFrameBoss = CFrame.new(2223.3645, 28.7049141, -6719.18408)
      elseif getgenv().ChosenBoss == "Captain Elephant [Lv. 1875] [Boss]" then
         BossName = "Captain Elephant [Lv. 1875] [Boss]"
         QuestNameBoss = "DeepForestIsland"
         LvQuestBoss = 3
         QuestCFrameBoss = CFrame.new(-13231.1602, 333.744446, -7624.40723)
      elseif getgenv().ChosenBoss == "Cake Queen [Lv. 2175] [Boss]" then
         BossName = "Cake Queen [Lv. 2175] [Boss]"
         QuestNameBoss = "IceCreamIslandQuest"
         LvQuestBoss = 3
         QuestCFrameBoss = CFrame.new(-821.71612548828, 65.819519042969, -10965.169921875)
      end
	end 
end

function refreshWeapon1()

  table.clear(PLrWeapons)
  for i,v in pairs(game.Players.LocalPlayer.Backpack:GetChildren()) do  
     if not table.find(PLrWeapons, v.name) then
        if v:IsA("Tool") then
           table.insert(PLrWeapons ,v.Name)
        end
     end
 end

  for i,v in pairs(game.Players.LocalPlayer.Character:GetChildren()) do  
     if not table.find(PLrWeapons, v.name) then
        if v:IsA("Tool") then
           table.insert(PLrWeapons ,v.Name)
        end
     end
  end

end
function CheckQuestMob()
   local PlrLevel = game.Players.localPlayer.Data.Level.Value
   if FirstSea then
      if HighestLvToFarm == 0 then
         CurrentQuestMob = "BanditQuest1"
         NameMob = "Bandit [Lv. 5]"
         CurrentMobName = "Bandit"
         CurrentQuestLevelMob = 1
         QuestCFrame = CFrame.new(1061.66699, 16.5166187, 1544.52905, -0.942978859, -3.33851502e-09, 0.332852632, 7.04340497e-09, 1, 2.99841325e-08, -0.332852632, 3.06188177e-08, -0.942978859)
         SpawnPoint = "Default"
         SpawnCFrame = CFrame.new(977.038269, 16.5166149, 1420.94336, 0.97796452, 0, -0.208771184, -0, 1, -0, 0.208771184, 0, 0.97796452)
      elseif HighestLvToFarm == 10 then
         SpawnPoint = "Jungle"
         SpawnCFrame = CFrame.new(-1332.1394, 11.8529119, 492.35907, -0.774900496, -1.23768311e-08, 0.632082939, 1.77851245e-08, 1, 4.13846735e-08, -0.632082939, 4.33106848e-08, -0.774900496)
         CurrentQuestMob = "JungleQuest"
         NameMob = "Monkey [Lv. 14]"
         CurrentMobName = "Monkey"
         CurrentQuestLevelMob = 1
         QuestCFrame = CFrame.new(-1604.12012, 36.8521118, 154.23732, 0.0648873374, -4.70858913e-06, -0.997892559, 1.41431883e-07, 1, -4.70933674e-06, 0.997892559, 1.64442184e-07, 0.0648873374)
      elseif HighestLvToFarm == 15 then
         SpawnCFrame = CFrame.new(-1332.1394, 11.8529119, 492.35907, -0.774900496, -1.23768311e-08, 0.632082939, 1.77851245e-08, 1, 4.13846735e-08, -0.632082939, 4.33106848e-08, -0.774900496)
         SpawnPoint = "Jungle"
         CurrentQuestMob = "JungleQuest"
         NameMob = "Gorilla [Lv. 20]"
         CurrentMobName = "Gorilla"
         CurrentQuestLevelMob = 2
         QuestCFrame = CFrame.new(-1604.12012, 36.8521118, 154.23732, 0.0648873374, -4.70858913e-06, -0.997892559, 1.41431883e-07, 1, -4.70933674e-06, 0.997892559, 1.64442184e-07, 0.0648873374)
      elseif HighestLvToFarm == 30 then
         SpawnCFrame = CFrame.new(-1186.37769, 4.75154591, 3810.49243, 0.508615494, 0, -0.860993803, -0, 1, -0, 0.860993803, 0, 0.508615494)
         SpawnPoint = "Pirate"
         CurrentQuestMob = "BuggyQuest1"
         NameMob = "Pirate [Lv. 35]"
         CurrentMobName = "Pirate"
         CurrentQuestLevelMob = 1
         QuestCFrame = CFrame.new(-1139.59717, 4.75205183, 3825.16211, -0.959730506, -7.5857054e-09, 0.280922383, -4.06310328e-08, 1, -1.11807175e-07, -0.280922383, -1.18718916e-07, -0.959730506)
      elseif HighestLvToFarm == 40 then
         SpawnCFrame = CFrame.new(-1186.37769, 4.75154591, 3810.49243, 0.508615494, 0, -0.860993803, -0, 1, -0, 0.860993803, 0, 0.508615494)
         SpawnPoint = "Pirate"
         CurrentQuestMob = "BuggyQuest1"
         NameMob = "Brute [Lv. 45]"
         CurrentMobName = "Brute"
         CurrentQuestLevelMob = 2
         QuestCFrame = CFrame.new(-1139.59717, 4.75205183, 3825.16211, -0.959730506, -7.5857054e-09, 0.280922383, -4.06310328e-08, 1, -1.11807175e-07, -0.280922383, -1.18718916e-07, -0.959730506)
      elseif HighestLvToFarm == 60 then
         SpawnPoint = "Desert"
         SpawnCFrame = CFrame.new(917.85199, 3.37914562, 4114.66895, 0.203889921, -7.29310585e-08, 0.978993833, -8.66312355e-09, 1, 7.63001538e-08, -0.978993833, -2.40379769e-08, 0.203889921)
         CurrentQuestMob = "DesertQuest"
         NameMob = "Desert Bandit [Lv. 60]"
         CurrentMobName = "Desert Bandit"
         CurrentQuestLevelMob = 1
         QuestCFrame = CFrame.new(897.031128, 6.43846416, 4388.97168, -0.804044724, 3.68233266e-08, 0.594568789, 6.97835176e-08, 1, 3.24365246e-08, -0.594568789, 6.75715199e-08, -0.804044724)
      elseif HighestLvToFarm == 75 then
         SpawnPoint = "Desert"
         SpawnCFrame = CFrame.new(917.85199, 3.37914562, 4114.66895, 0.203889921, -7.29310585e-08, 0.978993833, -8.66312355e-09, 1, 7.63001538e-08, -0.978993833, -2.40379769e-08, 0.203889921)
         CurrentQuestMob = "DesertQuest"
         NameMob = "Desert Officer [Lv. 70]"
         CurrentMobName = "Desert Officer"
         CurrentQuestLevelMob = 2
         QuestCFrame = CFrame.new(897.031128, 6.43846416, 4388.97168, -0.804044724, 3.68233266e-08, 0.594568789, 6.97835176e-08, 1, 3.24365246e-08, -0.594568789, 6.75715199e-08, -0.804044724)
      elseif HighestLvToFarm == 90 then
         SpawnPoint = "Ice"
         SpawnCFrame = CFrame.new(1107.42444, 7.3035593, -1164.79614, 0.548184574, -8.23326758e-08, 0.836357415, 4.65359591e-08, 1, 6.79403129e-08, -0.836357415, 1.67686287e-09, 0.548184574)
         CurrentQuestMob = "SnowQuest"
         NameMob = "Snow Bandit [Lv. 90]"
         CurrentMobName = "Snow Bandit"
         CurrentQuestLevelMob = 1
         QuestCFrame = CFrame.new(1384.14001, 87.272789, -1297.06482, 0.348555952, -2.53947841e-09, -0.937287986, 1.49860568e-08, 1, 2.86358204e-09, 0.937287986, -1.50443711e-08, 0.348555952)
      elseif HighestLvToFarm == 100 then
         SpawnPoint = "Ice"
         SpawnCFrame = CFrame.new(1107.42444, 7.3035593, -1164.79614, 0.548184574, -8.23326758e-08, 0.836357415, 4.65359591e-08, 1, 6.79403129e-08, -0.836357415, 1.67686287e-09, 0.548184574)
         CurrentQuestMob = "SnowQuest"
         NameMob = "Snowman [Lv. 100]"
         CurrentMobName = "Snowman"
         CurrentQuestLevelMob = 2
         QuestCFrame = CFrame.new(1384.14001, 87.272789, -1297.06482, 0.348555952, -2.53947841e-09, -0.937287986, 1.49860568e-08, 1, 2.86358204e-09, 0.937287986, -1.50443711e-08, 0.348555952)
      elseif HighestLvToFarm == 120 then
         SpawnPoint = "MarineBase"
         SpawnCFrame = CFrame.new(-4922.20264, 41.2520523, 4424.44434, -0.488673091, -2.20081375e-08, 0.872467041, 1.13403127e-08, 1, 3.15769455e-08, -0.872467041, 2.53248498e-08, -0.488673091)
         CurrentQuestMob = "MarineQuest2"
         NameMob = "Chief Petty Officer [Lv. 120]"
         CurrentMobName = "Chief Petty Officer"
         CurrentQuestLevelMob = 1
         QuestCFrame = CFrame.new(-5035.0835, 28.6520386, 4325.29443, 0.0243340395, -7.08064647e-08, 0.999703884, -6.36926814e-08, 1, 7.23777944e-08, -0.999703884, -6.54350671e-08, 0.0243340395)
      elseif HighestLvToFarm == 150 then
         SpawnPoint = "Sky"
         SpawnCFrame = CFrame.new(-4916.79346, 717.671265, -2637.03589, 0.808458745, 2.83643207e-08, 0.588552833, -4.5316173e-09, 1, -4.19685264e-08, -0.588552833, 3.12627257e-08, 0.808458745)
         CurrentQuestMob = "SkyQuest"
         NameMob = "Sky Bandit [Lv. 150]"
         CurrentMobName = "Sky Bandit"
         CurrentQuestLevelMob = 1
         QuestCFrame = CFrame.new(-4841.83447, 717.669617, -2623.96436, -0.875942111, 5.59710216e-08, -0.482416272, 3.04023082e-08, 1, 6.08195947e-08, 0.482416272, 3.86078725e-08, -0.875942111)
      elseif HighestLvToFarm == 175 then
         SpawnPoint = "Sky"
         SpawnCFrame = CFrame.new(-4916.79346, 717.671265, -2637.03589, 0.808458745, 2.83643207e-08, 0.588552833, -4.5316173e-09, 1, -4.19685264e-08, -0.588552833, 3.12627257e-08, 0.808458745)
         CurrentQuestMob = "SkyQuest"
         NameMob = "Dark Master [Lv. 175]"
